0.07999420980892094 -0.5211649704338251 0.5686368475240109 0.11873484464717102 0.9914679330988554 -0.04609193001545369 0.027729195638284302
0.07999739598202427 -0.5211645271512242 0.5686374076166303 0.1135503253849954 0.9878674244453819 0.09617612942742135 0.04443452996228611
-0.05509690308951004 -0.5211640935046284 0.5686388663237065 0.11355256739300505 0.9878674137242085 0.0961729349567883 0.04443595303465395
-0.1749478720647813 -0.5211578950745527 0.5686415495825669 0.11355722994762574 0.9878685864399858 0.09615568429640149 0.04443529935959945
-0.1749505818139941 -0.5211560768216814 0.5686429958940682 0.11879212526515961 0.9913874425607125 -0.04775793430594177 0.02754177588221173
-0.1749509984983025 -0.3769909718965615 0.5033435442826981 0.24706956022768814 0.9674278944729952 -0.043761141206355124 0.03353899111126886
0.001543643846264986 -0.37699094645380177 0.5033433811886456 0.247067168903072 0.9674284769731893 -0.04376156785708504 0.033539248206331265
-0.24035248197732975 -0.37699133329998213 0.503343823696678 0.2408698038402354 0.9652269746308892 0.078542410375054 0.06441828013339038
-0.22826206171788999 -0.3769914467465434 0.5033447562363957 0.32256017915326746 0.9410824688011853 0.0837644323220785 0.057465099124930724
-0.12068000737171033 -0.3769918155931965 0.5033434610387185 0.23289323478706156 0.9574229833595542 0.03798543610779614 0.166310188410121
-0.016834940332547232 -0.37699266939491827 0.5806470869675544 0.2134965250926092 0.966270644515924 0.10052301997890893 -0.10312806492163773
0.0331457821311303 -0.37699316158931656 0.39166977167170136 0.3034258325804778 0.9419091566529877 0.09037835083950907 -0.11212340717099167
0.15676062763033247 -0.2813446626846808 0.40987394733546717 0.324163729760438 0.9015006888360962 0.13559989318222213 -0.252640165660205
0.03798537517538929 -0.6317746641662431 0.5367318602389547 0.0556118626790197 0.9907170696006834 0.1230048007271539 0.016025845664979322
0.060246103364063205 -0.5186608505674657 0.617873721035772 0.10455863858148662 0.9519879772031679 -0.2872043124074002 -0.01732239282545565
0.060243792235042774 -0.5463178069520122 0.5624528553427847 0.10587204047593102 0.9791276825477004 -0.17342387789811414 -0.004924519165609008
-0.10998658697622174 -0.5595755683108408 0.562455801506883 0.08198346449641808 0.9869833738095407 0.010418490014572472 0.13796371420963308
-0.04079534319839516 -0.5595748535176082 0.5624579140745014 0.08198602956221392 0.9869829784068963 0.01041685467050271 0.13796514208469382
-0.2682364195951921 -0.5595749419787168 0.49724185505215546 0.08198683047878617 0.9869829323880446 0.010417052821447696 0.13796498038725072
-0.132588837692296 -0.6343474103611533 0.5408406580531886 0.01299580185228012 0.9902967341964984 0.0007697479684497995 0.13835785074230877